-0.7048778179298834,0.0,0.0,0.0,0.0,0.0
-1.2514608909786151,-0.7048778179298834,0.0,0.0,0.0,0.0
-0.9219034498758208,-1.2514608909786151,-0.7048778179298834,0.0,0.0,0.0
-0.8495615725604132,-0.9219034498758208,-1.2514608909786151,-0.7048778179298834,0.0,0.0
-0.8254476134553724,-0.8495615725604132,-0.9219034498758208,-1.2514608909786151,-0.7048778179298834,0.0
-1.5167144411349198,-0.8254476134553724,-0.8495615725604132,-0.9219034498758208,-1.2514608909786151,-0.7048778179298834
-0.9460174089808616,-1.5167144411349198,-0.8254476134553724,-0.8495615725604132,-0.9219034498758208,-1.2514608909786151
-1.5167144411349198,-0.9460174089808616,-1.5167144411349198,-0.8254476134553724,-0.8495615725604132,-0.9219034498758208
-1.5167144411349198,-1.5167144411349198,-0.9460174089808616,-1.5167144411349198,-0.8254476134553724,-0.8495615725604132
-2.023107582341917,-1.5167144411349198,-1.5167144411349198,-0.9460174089808616,-1.5167144411349198,-0.8254476134553724
-0.785257681613638,-2.023107582341917,-1.5167144411349198,-1.5167144411349198,-0.9460174089808616,-1.5167144411349198
-0.8254476134553724,-0.785257681613638,-2.023107582341917,-1.5167144411349198,-1.5167144411349198,-0.9460174089808616
-0.905827477139127,-0.8254476134553724,-0.785257681613638,-2.023107582341917,-1.5167144411349198,-1.5167144411349198
-1.7498160458172656,-0.905827477139127,-0.8254476134553724,-0.785257681613638,-2.023107582341917,-1.5167144411349198
-1.0263972726646162,-1.7498160458172656,-0.905827477139127,-0.8254476134553724,-0.785257681613638,-2.023107582341917
-1.050511231769657,-1.0263972726646162,-1.7498160458172656,-0.905827477139127,-0.8254476134553724,-0.785257681613638
-1.3639927001357575,-1.050511231769657,-1.0263972726646162,-1.7498160458172656,-0.905827477139127,-0.8254476134553724
-1.2434229046102683,-1.3639927001357575,-1.050511231769657,-1.0263972726646162,-1.7498160458172656,-0.905827477139127
-1.2434229046102683,-1.2434229046102683,-1.3639927001357575,-1.050511231769657,-1.0263972726646162,-1.7498160458172656
-1.436334577451165,-1.2434229046102683,-1.2434229046102683,-1.3639927001357575,-1.050511231769657,-1.0263972726646162
-1.436334577451165,-1.436334577451165,-1.2434229046102683,-1.2434229046102683,-1.3639927001357575,-1.050511231769657
-1.894499800448081,-1.436334577451165,-1.436334577451165,-1.2434229046102683,-1.2434229046102683,-1.3639927001357575
-0.8334855998237194,-1.894499800448081,-1.436334577451165,-1.436334577451165,-1.2434229046102683,-1.2434229046102683
-1.4765245092928996,-0.8334855998237194,-1.894499800448081,-1.436334577451165,-1.436334577451165,-1.2434229046102683
-0.5762700360360472,-1.4765245092928996,-0.8334855998237194,-1.894499800448081,-1.436334577451165,-1.436334577451165
-0.994245327190943,-0.5762700360360472,-1.4765245092928996,-0.8334855998237194,-1.894499800448081,-1.436334577451165
-0.3994343359318442,-0.994245327190943,-0.5762700360360472,-1.4765245092928996,-0.8334855998237194,-1.894499800448081
-0.7772196952450054,-0.3994343359318442,-0.994245327190943,-0.5762700360360472,-1.4765245092928996,-0.8334855998237194
-0.7772196952450054,-0.7772196952450054,-0.3994343359318442,-0.994245327190943,-0.5762700360360472,-1.4765245092928996
-0.905827477139127,-0.7772196952450054,-0.7772196952450054,-0.3994343359318442,-0.994245327190943,-0.5762700360360472
-0.31905447224837513,-0.905827477139127,-0.7772196952450054,-0.7772196952450054,-0.3994343359318442,-0.994245327190943
-1.179119013663493,-0.31905447224837513,-0.905827477139127,-0.7772196952450054,-0.7772196952450054,-0.3994343359318442
-0.9620933817175554,-1.179119013663493,-0.31905447224837513,-0.905827477139127,-0.7772196952450054,-0.7772196952450054
-0.728991777034924,-0.9620933817175554,-1.179119013663493,-0.31905447224837513,-0.905827477139127,-0.7772196952450054
-1.1469670681901054,-0.728991777034924,-0.9620933817175554,-1.179119013663493,-0.31905447224837513,-0.905827477139127
-1.2916508228206351,-1.1469670681901054,-0.728991777034924,-0.9620933817175554,-1.179119013663493,-0.31905447224837513
-0.9701313680859023,-1.2916508228206351,-1.1469670681901054,-0.728991777034924,-0.9620933817175554,-1.179119013663493
-0.9701313680859023,-0.9701313680859023,-1.2916508228206351,-1.1469670681901054,-0.728991777034924,-0.9620933817175554
-1.2916508228206351,-0.9701313680859023,-0.9701313680859023,-1.2916508228206351,-1.1469670681901054,-0.728991777034924
-0.6405739269828225,-1.2916508228206351,-0.9701313680859023,-0.9701313680859023,-1.2916508228206351,-1.1469670681901054
-1.1951949864001867,-0.6405739269828225,-1.2916508228206351,-0.9701313680859023,-0.9701313680859023,-1.2916508228206351
-0.9620933817175554,-1.1951949864001867,-0.6405739269828225,-1.2916508228206351,-0.9701313680859023,-0.9701313680859023
-1.0585492181380038,-0.9620933817175554,-1.1951949864001867,-0.6405739269828225,-1.2916508228206351,-0.9701313680859023
-1.717664100343878,-1.0585492181380038,-0.9620933817175554,-1.1951949864001867,-0.6405739269828225,-1.2916508228206351
-1.717664100343878,-1.717664100343878,-1.0585492181380038,-0.9620933817175554,-1.1951949864001867,-0.6405739269828225
-0.865637545297107,-1.717664100343878,-1.717664100343878,-1.0585492181380038,-0.9620933817175554,-1.1951949864001867
-0.9620933817175554,-0.865637545297107,-1.717664100343878,-1.717664100343878,-1.0585492181380038,-0.9620933817175554
-1.83019590950102,-0.9620933817175554,-0.865637545297107,-1.717664100343878,-1.717664100343878,-1.0585492181380038
-1.1550050545584523,-1.83019590950102,-0.9620933817175554,-0.865637545297107,-1.717664100343878,-1.717664100343878
-1.6131702775550827,-1.1550050545584523,-1.83019590950102,-0.9620933817175554,-0.865637545297107,-1.717664100343878
-1.2112709591368807,-1.6131702775550827,-1.1550050545584523,-1.83019590950102,-0.9620933817175554,-0.865637545297107
-1.7417780594489187,-1.2112709591368807,-1.6131702775550827,-1.1550050545584523,-1.83019590950102,-0.9620933817175554
-2.2079812688141813,-1.7417780594489187,-1.2112709591368807,-1.6131702775550827,-1.1550050545584523,-1.83019590950102
-1.444372563819512,-2.2079812688141813,-1.7417780594489187,-1.2112709591368807,-1.6131702775550827,-1.1550050545584523
-1.444372563819512,-1.444372563819512,-2.2079812688141813,-1.7417780594489187,-1.2112709591368807,-1.6131702775550827
-1.1469670681901054,-1.444372563819512,-1.444372563819512,-2.2079812688141813,-1.7417780594489187,-1.2112709591368807
-1.2434229046102683,-1.1469670681901054,-1.444372563819512,-1.444372563819512,-2.2079812688141813,-1.7417780594489187
-2.3285510643396705,-1.2434229046102683,-1.1469670681901054,-1.444372563819512,-1.444372563819512,-2.2079812688141813
-2.0552595278153047,-2.3285510643396705,-1.2434229046102683,-1.1469670681901054,-1.444372563819512,-1.444372563819512
-2.4893107917068944,-2.0552595278153047,-2.3285510643396705,-1.2434229046102683,-1.1469670681901054,-1.444372563819512
-1.97487966413155,-2.4893107917068944,-2.0552595278153047,-2.3285510643396705,-1.2434229046102683,-1.1469670681901054
-2.3928549552867313,-1.97487966413155,-2.4893107917068944,-2.0552595278153047,-2.3285510643396705,-1.2434229046102683
-2.3928549552867313,-2.3928549552867313,-1.97487966413155,-2.4893107917068944,-2.0552595278153047,-2.3285510643396705
-1.6372842366604088,-2.3928549552867313,-2.3928549552867313,-1.97487966413155,-2.4893107917068944,-2.0552595278153047
-1.9427277186581624,-1.6372842366604088,-2.3928549552867313,-2.3928549552867313,-1.97487966413155,-2.4893107917068944
-1.1871570000318399,-1.9427277186581624,-1.6372842366604088,-2.3928549552867313,-2.3928549552867313,-1.97487966413155
-0.9701313680859023,-1.1871570000318399,-1.9427277186581624,-1.6372842366604088,-2.3928549552867313,-2.3928549552867313
-1.1550050545584523,-0.9701313680859023,-1.1871570000318399,-1.9427277186581624,-1.6372842366604088,-2.3928549552867313
-1.050511231769657,-1.1550050545584523,-0.9701313680859023,-1.1871570000318399,-1.9427277186581624,-1.6372842366604088
-0.7129158042982302,-1.050511231769657,-1.1550050545584523,-0.9701313680859023,-1.1871570000318399,-1.9427277186581624
-0.7129158042982302,-0.7129158042982302,-1.050511231769657,-1.1550050545584523,-0.9701313680859023,-1.1871570000318399
-0.36728239045845656,-0.7129158042982302,-0.7129158042982302,-1.050511231769657,-1.1550050545584523,-0.9701313680859023
-1.0665872045063507,-0.36728239045845656,-0.7129158042982302,-0.7129158042982302,-1.050511231769657,-1.1550050545584523
-1.3479167273990635,-1.0665872045063507,-0.36728239045845656,-0.7129158042982302,-0.7129158042982302,-1.050511231769657
-0.728991777034924,-1.3479167273990635,-1.0665872045063507,-0.36728239045845656,-0.7129158042982302,-0.7129158042982302
-1.9829176504998969,-0.728991777034924,-1.3479167273990635,-1.0665872045063507,-0.36728239045845656,-0.7129158042982302
-0.8254476134553724,-1.9829176504998969,-0.728991777034924,-1.3479167273990635,-1.0665872045063507,-0.36728239045845656
-0.8254476134553724,-0.8254476134553724,-1.9829176504998969,-0.728991777034924,-1.3479167273990635,-1.0665872045063507
-0.6084219815094348,-0.8254476134553724,-0.8254476134553724,-1.9829176504998969,-0.728991777034924,-1.3479167273990635
-0.85759955892876,-0.6084219815094348,-0.8254476134553724,-0.8254476134553724,-1.9829176504998969,-0.728991777034924
-1.6372842366604088,-0.85759955892876,-0.6084219815094348,-0.8254476134553724,-0.8254476134553724,-1.9829176504998969
-1.1871570000318399,-1.6372842366604088,-0.85759955892876,-0.6084219815094348,-0.8254476134553724,-0.8254476134553724
-1.8382338958693671,-1.1871570000318399,-1.6372842366604088,-0.85759955892876,-0.6084219815094348,-0.8254476134553724
-2.039183555078611,-1.8382338958693671,-1.1871570000318399,-1.6372842366604088,-0.85759955892876,-0.6084219815094348
-2.039183555078611,-2.039183555078611,-1.8382338958693671,-1.1871570000318399,-1.6372842366604088,-0.85759955892876
-0.7450677497716178,-2.039183555078611,-2.039183555078611,-1.8382338958693671,-1.1871570000318399,-1.6372842366604088
-1.97487966413155,-0.7450677497716178,-2.039183555078611,-2.039183555078611,-1.8382338958693671,-1.1871570000318399
-1.1550050545584523,-1.97487966413155,-0.7450677497716178,-2.039183555078611,-2.039183555078611,-1.8382338958693671
-1.0263972726646162,-1.1550050545584523,-1.97487966413155,-0.7450677497716178,-2.039183555078611,-2.039183555078611
-1.0826631772430446,-1.0263972726646162,-1.1550050545584523,-1.97487966413155,-0.7450677497716178,-2.039183555078611
-1.2836128364522883,-1.0826631772430446,-1.0263972726646162,-1.1550050545584523,-1.97487966413155,-0.7450677497716178
-1.5649423593450011,-1.2836128364522883,-1.0826631772430446,-1.0263972726646162,-1.1550050545584523,-1.97487966413155
-1.5649423593450011,-1.5649423593450011,-1.2836128364522883,-1.0826631772430446,-1.0263972726646162,-1.1550050545584523
-0.9701313680859023,-1.5649423593450011,-1.5649423593450011,-1.2836128364522883,-1.0826631772430446,-1.0263972726646162
-1.050511231769657,-0.9701313680859023,-1.5649423593450011,-1.5649423593450011,-1.2836128364522883,-1.0826631772430446
-0.3994343359318442,-1.050511231769657,-0.9701313680859023,-1.5649423593450011,-1.5649423593450011,-1.2836128364522883
0.5651240282717834,-0.3994343359318442,-1.050511231769657,-0.9701313680859023,-1.5649423593450011,-1.5649423593450011
-0.27886454040635505,0.5651240282717834,-0.3994343359318442,-1.050511231769657,-0.9701313680859023,-1.5649423593450011
-0.5601940632993534,-0.27886454040635505,0.5651240282717834,-0.3994343359318442,-1.050511231769657,-0.9701313680859023
-0.14221877214417208,-0.5601940632993534,-0.27886454040635505,0.5651240282717834,-0.3994343359318442,-1.050511231769657
-0.14221877214417208,-0.14221877214417208,-0.5601940632993534,-0.27886454040635505,0.5651240282717834,-0.3994343359318442
0.35613638269447834,-0.14221877214417208,-0.14221877214417208,-0.5601940632993534,-0.27886454040635505,0.5651240282717834
-0.7048778179298834,0.35613638269447834,-0.14221877214417208,-0.14221877214417208,-0.5601940632993534,-0.27886454040635505
-0.13418078577582518,-0.7048778179298834,0.35613638269447834,-0.14221877214417208,-0.14221877214417208,-0.5601940632993534
-1.00228331355929,-0.13418078577582518,-0.7048778179298834,0.35613638269447834,-0.14221877214417208,-0.14221877214417208
-0.5843080224043942,-1.00228331355929,-0.13418078577582518,-0.7048778179298834,0.35613638269447834,-0.14221877214417208
-0.905827477139127,-0.5843080224043942,-1.00228331355929,-0.13418078577582518,-0.7048778179298834,0.35613638269447834
-0.592346008772741,-0.905827477139127,-0.5843080224043942,-1.00228331355929,-0.13418078577582518,-0.7048778179298834
-0.5280421178256802,-0.592346008772741,-0.905827477139127,-0.5843080224043942,-1.00228331355929,-0.13418078577582518
-0.5280421178256802,-0.5280421178256802,-0.592346008772741,-0.905827477139127,-0.5843080224043942,-1.00228331355929
-0.8254476134553724,-0.5280421178256802,-0.5280421178256802,-0.592346008772741,-0.905827477139127,-0.5843080224043942
-0.737029763403271,-0.8254476134553724,-0.5280421178256802,-0.5280421178256802,-0.592346008772741,-0.905827477139127
-1.1469670681901054,-0.737029763403271,-0.8254476134553724,-0.5280421178256802,-0.5280421178256802,-0.592346008772741
-0.728991777034924,-1.1469670681901054,-0.737029763403271,-0.8254476134553724,-0.5280421178256802,-0.5280421178256802
-0.9620933817175554,-0.728991777034924,-1.1469670681901054,-0.737029763403271,-0.8254476134553724,-0.5280421178256802
-0.6888018451931895,-0.9620933817175554,-0.728991777034924,-1.1469670681901054,-0.737029763403271,-0.8254476134553724
-0.6888018451931895,-0.6888018451931895,-0.9620933817175554,-0.728991777034924,-1.1469670681901054,-0.737029763403271
-1.0103212999276368,-0.6888018451931895,-0.6888018451931895,-0.9620933817175554,-0.728991777034924,-1.1469670681901054
-1.5247524275032667,-1.0103212999276368,-0.6888018451931895,-0.6888018451931895,-0.9620933817175554,-0.728991777034924
-1.1951949864001867,-1.5247524275032667,-1.0103212999276368,-0.6888018451931895,-0.6888018451931895,-0.9620933817175554
-1.3559547137674104,-1.1951949864001867,-1.5247524275032667,-1.0103212999276368,-0.6888018451931895,-0.6888018451931895
-0.41551030866882355,-1.3559547137674104,-1.1951949864001867,-1.5247524275032667,-1.0103212999276368,-0.6888018451931895
-0.8174096270870256,-0.41551030866882355,-1.3559547137674104,-1.1951949864001867,-1.5247524275032667,-1.0103212999276368
-1.307726795557329,-0.8174096270870256,-0.41551030866882355,-1.3559547137674104,-1.1951949864001867,-1.5247524275032667
-1.307726795557329,-1.307726795557329,-0.8174096270870256,-0.41551030866882355,-1.3559547137674104,-1.1951949864001867
-0.4798141996155988,-1.307726795557329,-1.307726795557329,-0.8174096270870256,-0.41551030866882355,-1.3559547137674104
-0.4798141996155988,-0.4798141996155988,-1.307726795557329,-1.307726795557329,-0.8174096270870256,-0.41551030866882355
-0.35924440409010966,-0.4798141996155988,-0.4798141996155988,-1.307726795557329,-1.307726795557329,-0.8174096270870256
-0.5521560769310065,-0.35924440409010966,-0.4798141996155988,-0.4798141996155988,-1.307726795557329,-1.307726795557329
-0.5521560769310065,-0.5521560769310065,-0.35924440409010966,-0.4798141996155988,-0.4798141996155988,-1.307726795557329
-1.3479167273990635,-0.5521560769310065,-0.5521560769310065,-0.35924440409010966,-0.4798141996155988,-0.4798141996155988
-1.3479167273990635,-1.3479167273990635,-0.5521560769310065,-0.5521560769310065,-0.35924440409010966,-0.4798141996155988
0.20341464169560156,-1.3479167273990635,-1.3479167273990635,-0.5521560769310065,-0.5521560769310065,-0.35924440409010966
-0.4074723223001911,0.20341464169560156,-1.3479167273990635,-1.3479167273990635,-0.5521560769310065,-0.5521560769310065
-0.4074723223001911,-0.4074723223001911,0.20341464169560156,-1.3479167273990635,-1.3479167273990635,-0.5521560769310065
0.06676887343313302,-0.4074723223001911,-0.4074723223001911,0.20341464169560156,-1.3479167273990635,-1.3479167273990635
-0.9219034498758208,0.06676887343313302,-0.4074723223001911,-0.4074723223001911,0.20341464169560156,-1.3479167273990635
-0.36728239045845656,-0.9219034498758208,0.06676887343313302,-0.4074723223001911,-0.4074723223001911,0.20341464169560156
-0.3913963495634973,-0.36728239045845656,-0.9219034498758208,0.06676887343313302,-0.4074723223001911,-0.4074723223001911
-0.26278856766966124,-0.3913963495634973,-0.36728239045845656,-0.9219034498758208,0.06676887343313302,-0.4074723223001911
-0.6646878860881488,-0.26278856766966124,-0.3913963495634973,-0.36728239045845656,-0.9219034498758208,0.06676887343313302
0.01854095522305159,-0.6646878860881488,-0.26278856766966124,-0.3913963495634973,-0.36728239045845656,-0.9219034498758208
-0.3913963495634973,0.01854095522305159,-0.6646878860881488,-0.26278856766966124,-0.3913963495634973,-0.36728239045845656
-0.3913963495634973,-0.3913963495634973,0.01854095522305159,-0.6646878860881488,-0.26278856766966124,-0.3913963495634973
-0.994245327190943,-0.3913963495634973,-0.3913963495634973,0.01854095522305159,-0.6646878860881488,-0.26278856766966124
0.0908828325384593,-0.994245327190943,-0.3913963495634973,-0.3913963495634973,0.01854095522305159,-0.6646878860881488
-0.8334855998237194,0.0908828325384593,-0.994245327190943,-0.3913963495634973,-0.3913963495634973,0.01854095522305159
-0.8254476134553724,-0.8334855998237194,0.0908828325384593,-0.994245327190943,-0.3913963495634973,-0.3913963495634973
-0.5360801041943127,-0.8254476134553724,-0.8334855998237194,0.0908828325384593,-0.994245327190943,-0.3913963495634973
-0.9540553953492085,-0.5360801041943127,-0.8254476134553724,-0.8334855998237194,0.0908828325384593,-0.994245327190943
-0.5682320496677004,-0.9540553953492085,-0.5360801041943127,-0.8254476134553724,-0.8334855998237194,0.0908828325384593
-0.5682320496677004,-0.5682320496677004,-0.9540553953492085,-0.5360801041943127,-0.8254476134553724,-0.8334855998237194
-0.7048778179298834,-0.5682320496677004,-0.5682320496677004,-0.9540553953492085,-0.5360801041943127,-0.8254476134553724
-1.4845624956612464,-0.7048778179298834,-0.5682320496677004,-0.5682320496677004,-0.9540553953492085,-0.5360801041943127
-1.2353849182419214,-1.4845624956612464,-0.7048778179298834,-0.5682320496677004,-0.5682320496677004,-0.9540553953492085
-1.2353849182419214,-1.2353849182419214,-1.4845624956612464,-0.7048778179298834,-0.5682320496677004,-0.5682320496677004
-0.6325359406144756,-1.2353849182419214,-1.2353849182419214,-1.4845624956612464,-0.7048778179298834,-0.5682320496677004
-0.6244979542461286,-0.6325359406144756,-1.2353849182419214,-1.2353849182419214,-1.4845624956612464,-0.7048778179298834
-1.3961446456094306,-0.6244979542461286,-0.6325359406144756,-1.2353849182419214,-1.2353849182419214,-1.4845624956612464
-1.3961446456094306,-1.3961446456094306,-0.6244979542461286,-0.6325359406144756,-1.2353849182419214,-1.2353849182419214
-0.600383995141088,-1.3961446456094306,-1.3961446456094306,-0.6244979542461286,-0.6325359406144756,-1.2353849182419214
-0.905827477139127,-0.600383995141088,-1.3961446456094306,-1.3961446456094306,-0.6244979542461286,-0.6325359406144756
-0.8495615725604132,-0.905827477139127,-0.600383995141088,-1.3961446456094306,-1.3961446456094306,-0.6244979542461286
-0.463738226878905,-0.8495615725604132,-0.905827477139127,-0.600383995141088,-1.3961446456094306,-1.3961446456094306
-1.3639927001357575,-0.463738226878905,-0.8495615725604132,-0.905827477139127,-0.600383995141088,-1.3961446456094306
-0.9379794226125147,-1.3639927001357575,-0.463738226878905,-0.8495615725604132,-0.905827477139127,-0.600383995141088
-0.3913963495634973,-0.9379794226125147,-1.3639927001357575,-0.463738226878905,-0.8495615725604132,-0.905827477139127
-0.3913963495634973,-0.3913963495634973,-0.9379794226125147,-1.3639927001357575,-0.463738226878905,-0.8495615725604132
0.06676887343313302,-0.3913963495634973,-0.3913963495634973,-0.9379794226125147,-1.3639927001357575,-0.463738226878905
-0.5360801041943127,0.06676887343313302,-0.3913963495634973,-0.3913963495634973,-0.9379794226125147,-1.3639927001357575
-0.6486119133511694,-0.5360801041943127,0.06676887343313302,-0.3913963495634973,-0.3913963495634973,-0.9379794226125147
0.19537665532696907,-0.6486119133511694,-0.5360801041943127,0.06676887343313302,-0.3913963495634973,-0.3913963495634973
-0.23867460856462053,0.19537665532696907,-0.6486119133511694,-0.5360801041943127,0.06676887343313302,-0.3913963495634973
-0.34316843135341585,-0.23867460856462053,0.19537665532696907,-0.6486119133511694,-0.5360801041943127,0.06676887343313302
-0.34316843135341585,-0.34316843135341585,-0.23867460856462053,0.19537665532696907,-0.6486119133511694,-0.5360801041943127
-0.06987689482904993,-0.34316843135341585,-0.34316843135341585,-0.23867460856462053,0.19537665532696907,-0.6486119133511694
-0.31905447224837513,-0.06987689482904993,-0.34316843135341585,-0.34316843135341585,-0.23867460856462053,0.19537665532696907
-0.22259863582792672,-0.31905447224837513,-0.06987689482904993,-0.34316843135341585,-0.34316843135341585,-0.23867460856462053
-0.198484676722886,-0.22259863582792672,-0.31905447224837513,-0.06987689482904993,-0.34316843135341585,-0.34316843135341585
0.9268334148482509,-0.198484676722886,-0.22259863582792672,-0.31905447224837513,-0.06987689482904993,-0.34316843135341585
0.12303477801184692,0.9268334148482509,-0.198484676722886,-0.22259863582792672,-0.31905447224837513,-0.06987689482904993
-0.3913963495634973,0.12303477801184692,0.9268334148482509,-0.198484676722886,-0.22259863582792672,-0.31905447224837513
-0.3913963495634973,-0.3913963495634973,0.12303477801184692,0.9268334148482509,-0.198484676722886,-0.22259863582792672
-0.2145606494595798,-0.3913963495634973,-0.3913963495634973,0.12303477801184692,0.9268334148482509,-0.198484676722886
-0.5360801041943127,-0.2145606494595798,-0.3913963495634973,-0.3913963495634973,0.12303477801184692,0.9268334148482509
-0.4878521859839457,-0.5360801041943127,-0.2145606494595798,-0.3913963495634973,-0.3913963495634973,0.12303477801184692
0.4847441645883144,-0.4878521859839457,-0.5360801041943127,-0.2145606494595798,-0.3913963495634973,-0.3913963495634973
-0.6405739269828225,0.4847441645883144,-0.4878521859839457,-0.5360801041943127,-0.2145606494595798,-0.3913963495634973
-0.5280421178256802,-0.6405739269828225,0.4847441645883144,-0.4878521859839457,-0.5360801041943127,-0.2145606494595798
-0.41551030866882355,-0.5280421178256802,-0.6405739269828225,0.4847441645883144,-0.4878521859839457,-0.5360801041943127
-0.41551030866882355,-0.41551030866882355,-0.5280421178256802,-0.6405739269828225,0.4847441645883144,-0.4878521859839457
-0.33513044498506894,-0.41551030866882355,-0.41551030866882355,-0.5280421178256802,-0.6405739269828225,0.4847441645883144
-0.029686962987029844,-0.33513044498506894,-0.41551030866882355,-0.41551030866882355,-0.5280421178256802,-0.6405739269828225
-0.7691817088766586,-0.029686962987029844,-0.33513044498506894,-0.41551030866882355,-0.41551030866882355,-0.5280421178256802
-0.33513044498506894,-0.7691817088766586,-0.029686962987029844,-0.33513044498506894,-0.41551030866882355,-0.41551030866882355
-0.5682320496677004,-0.33513044498506894,-0.7691817088766586,-0.029686962987029844,-0.33513044498506894,-0.41551030866882355
-0.4878521859839457,-0.5682320496677004,-0.33513044498506894,-0.7691817088766586,-0.029686962987029844,-0.33513044498506894
-1.4684865229245527,-0.4878521859839457,-0.5682320496677004,-0.33513044498506894,-0.7691817088766586,-0.029686962987029844
-0.5039281587206396,-1.4684865229245527,-0.4878521859839457,-0.5682320496677004,-0.33513044498506894,-0.7691817088766586
-0.5039281587206396,-0.5039281587206396,-1.4684865229245527,-0.4878521859839457,-0.5682320496677004,-0.33513044498506894
-0.9701313680859023,-0.5039281587206396,-0.5039281587206396,-1.4684865229245527,-0.4878521859839457,-0.5682320496677004
-0.35924440409010966,-0.9701313680859023,-0.5039281587206396,-0.5039281587206396,-1.4684865229245527,-0.4878521859839457
-1.3318407546623698,-0.35924440409010966,-0.9701313680859023,-0.5039281587206396,-0.5039281587206396,-1.4684865229245527
-1.4202586047144712,-1.3318407546623698,-0.35924440409010966,-0.9701313680859023,-0.5039281587206396,-0.5039281587206396
-0.6486119133511694,-1.4202586047144712,-1.3318407546623698,-0.35924440409010966,-0.9701313680859023,-0.5039281587206396
-0.4557002405105581,-0.6486119133511694,-1.4202586047144712,-1.3318407546623698,-0.35924440409010966,-0.9701313680859023
-0.7531057361399648,-0.4557002405105581,-0.6486119133511694,-1.4202586047144712,-1.3318407546623698,-0.35924440409010966
-0.7531057361399648,-0.7531057361399648,-0.4557002405105581,-0.6486119133511694,-1.4202586047144712,-1.3318407546623698
-1.4524105501878588,-0.7531057361399648,-0.7531057361399648,-0.4557002405105581,-0.6486119133511694,-1.4202586047144712
-0.8897515044021477,-1.4524105501878588,-0.7531057361399648,-0.7531057361399648,-0.4557002405105581,-0.6486119133511694
-1.034435259032963,-0.8897515044021477,-1.4524105501878588,-0.7531057361399648,-0.7531057361399648,-0.4557002405105581
-1.5970943048183888,-1.034435259032963,-0.8897515044021477,-1.4524105501878588,-0.7531057361399648,-0.7531057361399648
-1.2755748500839414,-1.5970943048183888,-1.034435259032963,-0.8897515044021477,-1.4524105501878588,-0.7531057361399648
-1.3720306865041043,-1.2755748500839414,-1.5970943048183888,-1.034435259032963,-0.8897515044021477,-1.4524105501878588
-1.2193089455052275,-1.3720306865041043,-1.2755748500839414,-1.5970943048183888,-1.034435259032963,-0.8897515044021477
-1.1067771363480854,-1.2193089455052275,-1.3720306865041043,-1.2755748500839414,-1.5970943048183888,-1.034435259032963
-1.6613981957654496,-1.1067771363480854,-1.2193089455052275,-1.3720306865041043,-1.2755748500839414,-1.5970943048183888
-1.6613981957654496,-1.6613981957654496,-1.1067771363480854,-1.2193089455052275,-1.3720306865041043,-1.2755748500839414
-0.8897515044021477,-1.6613981957654496,-1.6613981957654496,-1.1067771363480854,-1.2193089455052275,-1.3720306865041043
-0.5119661450889864,-0.8897515044021477,-1.6613981957654496,-1.6613981957654496,-1.1067771363480854,-1.2193089455052275
-1.444372563819512,-0.5119661450889864,-0.8897515044021477,-1.6613981957654496,-1.6613981957654496,-1.1067771363480854
-0.7209537906665772,-1.444372563819512,-0.5119661450889864,-0.8897515044021477,-1.6613981957654496,-1.6613981957654496
-0.33513044498506894,-0.7209537906665772,-1.444372563819512,-0.5119661450889864,-0.8897515044021477,-1.6613981957654496
-0.9701313680859023,-0.33513044498506894,-0.7209537906665772,-1.444372563819512,-0.5119661450889864,-0.8897515044021477
-1.2836128364522883,-0.9701313680859023,-0.33513044498506894,-0.7209537906665772,-1.444372563819512,-0.5119661450889864
-1.2836128364522883,-1.2836128364522883,-0.9701313680859023,-0.33513044498506894,-0.7209537906665772,-1.444372563819512
-0.6727258724564957,-1.2836128364522883,-1.2836128364522883,-0.9701313680859023,-0.33513044498506894,-0.7209537906665772
-1.122853109084779,-0.6727258724564957,-1.2836128364522883,-1.2836128364522883,-0.9701313680859023,-0.33513044498506894
-0.737029763403271,-1.122853109084779,-0.6727258724564957,-1.2836128364522883,-1.2836128364522883,-0.9701313680859023
-0.42354829503717045,-0.737029763403271,-1.122853109084779,-0.6727258724564957,-1.2836128364522883,-1.2836128364522883
-0.6405739269828225,-0.42354829503717045,-0.737029763403271,-1.122853109084779,-0.6727258724564957,-1.2836128364522883
-0.5843080224043942,-0.6405739269828225,-0.42354829503717045,-0.737029763403271,-1.122853109084779,-0.6727258724564957
-1.1710810272951462,-0.5843080224043942,-0.6405739269828225,-0.42354829503717045,-0.737029763403271,-1.122853109084779
-0.37532037682680347,-1.1710810272951462,-0.5843080224043942,-0.6405739269828225,-0.42354829503717045,-0.737029763403271
-0.33513044498506894,-0.37532037682680347,-1.1710810272951462,-0.5843080224043942,-0.6405739269828225,-0.42354829503717045
-0.33513044498506894,-0.33513044498506894,-0.37532037682680347,-1.1710810272951462,-0.5843080224043942,-0.6405739269828225
-1.130891095453126,-0.33513044498506894,-0.33513044498506894,-0.37532037682680347,-1.1710810272951462,-0.5843080224043942
0.47670617821996747,-1.130891095453126,-0.33513044498506894,-0.33513044498506894,-0.37532037682680347,-1.1710810272951462
-0.23063662219627362,0.47670617821996747,-1.130891095453126,-0.33513044498506894,-0.33513044498506894,-0.37532037682680347
-0.04576293572400922,-0.23063662219627362,0.47670617821996747,-1.130891095453126,-0.33513044498506894,-0.33513044498506894
0.36417436906282524,-0.04576293572400922,-0.23063662219627362,0.47670617821996747,-1.130891095453126,-0.33513044498506894
0.058730887064786116,0.36417436906282524,-0.04576293572400922,-0.23063662219627362,0.47670617821996747,-1.130891095453126
-0.10202884030243756,0.058730887064786116,0.36417436906282524,-0.04576293572400922,-0.23063662219627362,0.47670617821996747
0.5731620146404159,-0.10202884030243756,0.058730887064786116,0.36417436906282524,-0.04576293572400922,-0.23063662219627362
0.5731620146404159,0.5731620146404159,-0.10202884030243756,0.058730887064786116,0.36417436906282524,-0.04576293572400922
0.5731620146404159,0.5731620146404159,0.5731620146404159,-0.10202884030243756,0.058730887064786116,0.36417436906282524
-0.013610990250336031,0.5731620146404159,0.5731620146404159,0.5731620146404159,-0.10202884030243756,0.058730887064786116
0.5088581236933551,-0.013610990250336031,0.5731620146404159,0.5731620146404159,0.5731620146404159,-0.10202884030243756
-0.053800922092356124,0.5088581236933551,-0.013610990250336031,0.5731620146404159,0.5731620146404159,0.5731620146404159
0.38025034179951905,-0.053800922092356124,0.5088581236933551,-0.013610990250336031,0.5731620146404159,0.5731620146404159
-0.07791488119739684,0.38025034179951905,-0.053800922092356124,0.5088581236933551,-0.013610990250336031,0.5731620146404159
0.524934096430049,-0.07791488119739684,0.38025034179951905,-0.053800922092356124,0.5088581236933551,-0.013610990250336031
0.524934096430049,0.524934096430049,-0.07791488119739684,0.38025034179951905,-0.053800922092356124,0.5088581236933551
-0.25475058130131434,0.524934096430049,0.524934096430049,-0.07791488119739684,0.38025034179951905,-0.053800922092356124
-0.3913963495634973,-0.25475058130131434,0.524934096430049,0.524934096430049,-0.07791488119739684,0.38025034179951905
-1.0263972726646162,-0.3913963495634973,-0.25475058130131434,0.524934096430049,0.524934096430049,-0.07791488119739684
0.6133519464821504,-1.0263972726646162,-0.3913963495634973,-0.25475058130131434,0.524934096430049,0.524934096430049
-0.6807638588248426,0.6133519464821504,-1.0263972726646162,-0.3913963495634973,-0.25475058130131434,0.524934096430049
-0.33513044498506894,-0.6807638588248426,0.6133519464821504,-1.0263972726646162,-0.3913963495634973,-0.25475058130131434
0.0024649824863577792,-0.33513044498506894,-0.6807638588248426,0.6133519464821504,-1.0263972726646162,-0.3913963495634973
0.0024649824863577792,0.0024649824863577792,-0.33513044498506894,-0.6807638588248426,0.6133519464821504,-1.0263972726646162
0.3079084644841113,0.0024649824863577792,0.0024649824863577792,-0.33513044498506894,-0.6807638588248426,0.6133519464821504
-0.8495615725604132,0.3079084644841113,0.0024649824863577792,0.0024649824863577792,-0.33513044498506894,-0.6807638588248426
-0.3029784995116813,-0.8495615725604132,0.3079084644841113,0.0024649824863577792,0.0024649824863577792,-0.33513044498506894
-0.27082655403800815,-0.3029784995116813,-0.8495615725604132,0.3079084644841113,0.0024649824863577792,0.0024649824863577792
-0.44766225414221117,-0.27082655403800815,-0.3029784995116813,-0.8495615725604132,0.3079084644841113,0.0024649824863577792
0.0828448461701124,-0.44766225414221117,-0.27082655403800815,-0.3029784995116813,-0.8495615725604132,0.3079084644841113
0.0828448461701124,0.0828448461701124,-0.44766225414221117,-0.27082655403800815,-0.3029784995116813,-0.8495615725604132
-0.4798141996155988,0.0828448461701124,0.0828448461701124,-0.44766225414221117,-0.27082655403800815,-0.3029784995116813
0.3239844372208051,-0.4798141996155988,0.0828448461701124,0.0828448461701124,-0.44766225414221117,-0.27082655403800815
0.4204402736412536,0.3239844372208051,-0.4798141996155988,0.0828448461701124,0.0828448461701124,-0.44766225414221117
0.042654914328092305,0.4204402736412536,0.3239844372208051,-0.4798141996155988,0.0828448461701124,0.0828448461701124
-0.35924440409010966,0.042654914328092305,0.4204402736412536,0.3239844372208051,-0.4798141996155988,0.0828448461701124
-0.3110164858800282,-0.35924440409010966,0.042654914328092305,0.4204402736412536,0.3239844372208051,-0.4798141996155988
0.5490480555350896,-0.3110164858800282,-0.35924440409010966,0.042654914328092305,0.4204402736412536,0.3239844372208051
0.5490480555350896,0.5490480555350896,-0.3110164858800282,-0.35924440409010966,0.042654914328092305,0.4204402736412536
-0.12614279940747827,0.5490480555350896,0.5490480555350896,-0.3110164858800282,-0.35924440409010966,0.042654914328092305
0.5731620146404159,-0.12614279940747827,0.5490480555350896,0.5490480555350896,-0.3110164858800282,-0.35924440409010966
-0.42354829503717045,0.5731620146404159,-0.12614279940747827,0.5490480555350896,0.5490480555350896,-0.3110164858800282
-0.32709245861672204,-0.42354829503717045,0.5731620146404159,-0.12614279940747827,0.5490480555350896,0.5490480555350896
-0.06183890846070303,-0.32709245861672204,-0.42354829503717045,0.5731620146404159,-0.12614279940747827,0.5490480555350896
-0.06183890846070303,-0.06183890846070303,-0.32709245861672204,-0.42354829503717045,0.5731620146404159,-0.12614279940747827
-0.1824087039861922,-0.06183890846070303,-0.06183890846070303,-0.32709245861672204,-0.42354829503717045,0.5731620146404159
-0.1824087039861922,-0.1824087039861922,-0.06183890846070303,-0.06183890846070303,-0.32709245861672204,-0.42354829503717045
-0.37532037682680347,-0.1824087039861922,-0.1824087039861922,-0.06183890846070303,-0.06183890846070303,-0.32709245861672204
-0.23063662219627362,-0.37532037682680347,-0.1824087039861922,-0.1824087039861922,-0.06183890846070303,-0.06183890846070303
-0.3913963495634973,-0.23063662219627362,-0.37532037682680347,-0.1824087039861922,-0.1824087039861922,-0.06183890846070303
-1.1710810272951462,-0.3913963495634973,-0.23063662219627362,-0.37532037682680347,-0.1824087039861922,-0.1824087039861922
-1.0263972726646162,-1.1710810272951462,-0.3913963495634973,-0.23063662219627362,-0.37532037682680347,-0.1824087039861922
-0.6888018451931895,-1.0263972726646162,-1.1710810272951462,-0.3913963495634973,-0.23063662219627362,-0.37532037682680347
-0.6888018451931895,-0.6888018451931895,-1.0263972726646162,-1.1710810272951462,-0.3913963495634973,-0.23063662219627362
-0.8415235861920662,-0.6888018451931895,-0.6888018451931895,-1.0263972726646162,-1.1710810272951462,-0.3913963495634973
-0.35924440409010966,-0.8415235861920662,-0.6888018451931895,-0.6888018451931895,-1.0263972726646162,-1.1710810272951462
-0.35120641772176275,-0.35924440409010966,-0.8415235861920662,-0.6888018451931895,-0.6888018451931895,-1.0263972726646162
-1.1148151227164322,-0.35120641772176275,-0.35924440409010966,-0.8415235861920662,-0.6888018451931895,-0.6888018451931895
0.18733866895862217,-1.1148151227164322,-0.35120641772176275,-0.35924440409010966,-0.8415235861920662,-0.6888018451931895
-0.5200041314573334,0.18733866895862217,-1.1148151227164322,-0.35120641772176275,-0.35924440409010966,-0.8415235861920662
-0.5200041314573334,-0.5200041314573334,0.18733866895862217,-1.1148151227164322,-0.35120641772176275,-0.35924440409010966
-0.9379794226125147,-0.5200041314573334,-0.5200041314573334,0.18733866895862217,-1.1148151227164322,-0.35120641772176275
0.10695880527515311,-0.9379794226125147,-0.5200041314573334,-0.5200041314573334,0.18733866895862217,-1.1148151227164322
-0.600383995141088,0.10695880527515311,-0.9379794226125147,-0.5200041314573334,-0.5200041314573334,0.18733866895862217
-0.5280421178256802,-0.600383995141088,0.10695880527515311,-0.9379794226125147,-0.5200041314573334,-0.5200041314573334
-0.8254476134553724,-0.5280421178256802,-0.600383995141088,0.10695880527515311,-0.9379794226125147,-0.5200041314573334
-0.6486119133511694,-0.8254476134553724,-0.5280421178256802,-0.600383995141088,0.10695880527515311,-0.9379794226125147
-0.6486119133511694,-0.6486119133511694,-0.8254476134553724,-0.5280421178256802,-0.600383995141088,0.10695880527515311
0.06676887343313302,-0.6486119133511694,-0.6486119133511694,-0.8254476134553724,-0.5280421178256802,-0.600383995141088
-0.6727258724564957,0.06676887343313302,-0.6486119133511694,-0.6486119133511694,-0.8254476134553724,-0.5280421178256802
-0.9701313680859023,-0.6727258724564957,0.06676887343313302,-0.6486119133511694,-0.6486119133511694,-0.8254476134553724
-0.35924440409010966,-0.9701313680859023,-0.6727258724564957,0.06676887343313302,-0.6486119133511694,-0.6486119133511694
-0.8977894907704946,-0.35924440409010966,-0.9701313680859023,-0.6727258724564957,0.06676887343313302,-0.6486119133511694
-1.2193089455052275,-0.8977894907704946,-0.35924440409010966,-0.9701313680859023,-0.6727258724564957,0.06676887343313302
-0.7209537906665772,-1.2193089455052275,-0.8977894907704946,-0.35924440409010966,-0.9701313680859023,-0.6727258724564957
-0.7209537906665772,-0.7209537906665772,-1.2193089455052275,-0.8977894907704946,-0.35924440409010966,-0.9701313680859023
-0.43158628140551736,-0.7209537906665772,-0.7209537906665772,-1.2193089455052275,-0.8977894907704946,-0.35924440409010966
-0.26278856766966124,-0.43158628140551736,-0.7209537906665772,-0.7209537906665772,-1.2193089455052275,-0.8977894907704946
-0.02164897661868294,-0.26278856766966124,-0.43158628140551736,-0.7209537906665772,-0.7209537906665772,-1.2193089455052275
0.2837945053790706,-0.02164897661868294,-0.26278856766966124,-0.43158628140551736,-0.7209537906665772,-0.7209537906665772
0.46063020548327366,0.2837945053790706,-0.02164897661868294,-0.26278856766966124,-0.43158628140551736,-0.7209537906665772
-0.33513044498506894,0.46063020548327366,0.2837945053790706,-0.02164897661868294,-0.26278856766966124,-0.43158628140551736
-0.02164897661868294,-0.33513044498506894,0.46063020548327366,0.2837945053790706,-0.02164897661868294,-0.26278856766966124
-0.07791488119739684,-0.02164897661868294,-0.33513044498506894,0.46063020548327366,0.2837945053790706,-0.02164897661868294
-0.07791488119739684,-0.07791488119739684,-0.02164897661868294,-0.33513044498506894,0.46063020548327366,0.2837945053790706
-0.728991777034924,-0.07791488119739684,-0.07791488119739684,-0.02164897661868294,-0.33513044498506894,0.46063020548327366
0.026578941591398494,-0.728991777034924,-0.07791488119739684,-0.07791488119739684,-0.02164897661868294,-0.33513044498506894
0.09892081890680621,0.026578941591398494,-0.728991777034924,-0.07791488119739684,-0.07791488119739684,-0.02164897661868294
-0.8254476134553724,0.09892081890680621,0.026578941591398494,-0.728991777034924,-0.07791488119739684,-0.07791488119739684
0.8625295239014756,-0.8254476134553724,0.09892081890680621,0.026578941591398494,-0.728991777034924,-0.07791488119739684
0.782149660217721,0.8625295239014756,-0.8254476134553724,0.09892081890680621,0.026578941591398494,-0.728991777034924
0.782149660217721,0.782149660217721,0.8625295239014756,-0.8254476134553724,0.09892081890680621,0.026578941591398494
0.13107276438019383,0.782149660217721,0.782149660217721,0.8625295239014756,-0.8254476134553724,0.09892081890680621
0.2837945053790706,0.13107276438019383,0.782149660217721,0.782149660217721,0.8625295239014756,-0.8254476134553724
0.25968054627402987,0.2837945053790706,0.13107276438019383,0.782149660217721,0.782149660217721,0.8625295239014756
-0.2145606494595798,0.25968054627402987,0.2837945053790706,0.13107276438019383,0.782149660217721,0.782149660217721
0.8143016056911087,-0.2145606494595798,0.25968054627402987,0.2837945053790706,0.13107276438019383,0.782149660217721
0.17126269622192836,0.8143016056911087,-0.2145606494595798,0.25968054627402987,0.2837945053790706,0.13107276438019383
0.23556658716898918,0.17126269622192836,0.8143016056911087,-0.2145606494595798,0.25968054627402987,0.2837945053790706
0.16322470985358145,0.23556658716898918,0.17126269622192836,0.8143016056911087,-0.2145606494595798,0.25968054627402987
0.16322470985358145,0.16322470985358145,0.23556658716898918,0.17126269622192836,0.8143016056911087,-0.2145606494595798
1.23227689684629,0.16322470985358145,0.16322470985358145,0.23556658716898918,0.17126269622192836,0.8143016056911087
0.6133519464821504,1.23227689684629,0.16322470985358145,0.16322470985358145,0.23556658716898918,0.17126269622192836
0.9348714012165977,0.6133519464821504,1.23227689684629,0.16322470985358145,0.16322470985358145,0.23556658716898918
1.0715171694790664,0.9348714012165977,0.6133519464821504,1.23227689684629,0.16322470985358145,0.16322470985358145
0.01854095522305159,1.0715171694790664,0.9348714012165977,0.6133519464821504,1.23227689684629,0.16322470985358145
1.04740321037374,0.01854095522305159,1.0715171694790664,0.9348714012165977,0.6133519464821504,1.23227689684629
0.0828448461701124,1.04740321037374,0.01854095522305159,1.0715171694790664,0.9348714012165977,0.6133519464821504
0.0828448461701124,0.0828448461701124,1.04740321037374,0.01854095522305159,1.0715171694790664,0.9348714012165977
-0.2949405131433344,0.0828448461701124,0.0828448461701124,1.04740321037374,0.01854095522305159,1.0715171694790664
0.2837945053790706,-0.2949405131433344,0.0828448461701124,0.0828448461701124,1.04740321037374,0.01854095522305159
-0.02164897661868294,0.2837945053790706,-0.2949405131433344,0.0828448461701124,0.0828448461701124,1.04740321037374
-0.5280421178256802,-0.02164897661868294,0.2837945053790706,-0.2949405131433344,0.0828448461701124,0.0828448461701124
-0.600383995141088,-0.5280421178256802,-0.02164897661868294,0.2837945053790706,-0.2949405131433344,0.0828448461701124
-0.994245327190943,-0.600383995141088,-0.5280421178256802,-0.02164897661868294,0.2837945053790706,-0.2949405131433344
-0.600383995141088,-0.994245327190943,-0.600383995141088,-0.5280421178256802,-0.02164897661868294,0.2837945053790706
-0.8334855998237194,-0.600383995141088,-0.994245327190943,-0.600383995141088,-0.5280421178256802,-0.02164897661868294
-0.8334855998237194,-0.8334855998237194,-0.600383995141088,-0.994245327190943,-0.600383995141088,-0.5280421178256802
0.5812000010087628,-0.8334855998237194,-0.8334855998237194,-0.600383995141088,-0.994245327190943,-0.600383995141088
-0.27082655403800815,0.5812000010087628,-0.8334855998237194,-0.8334855998237194,-0.600383995141088,-0.994245327190943
-0.6244979542461286,-0.27082655403800815,0.5812000010087628,-0.8334855998237194,-0.8334855998237194,-0.600383995141088
-0.06987689482904993,-0.6244979542461286,-0.27082655403800815,0.5812000010087628,-0.8334855998237194,-0.8334855998237194
-0.3029784995116813,-0.06987689482904993,-0.6244979542461286,-0.27082655403800815,0.5812000010087628,-0.8334855998237194
-0.3029784995116813,-0.3029784995116813,-0.06987689482904993,-0.6244979542461286,-0.27082655403800815,0.5812000010087628
-0.43962426777386426,-0.3029784995116813,-0.3029784995116813,-0.06987689482904993,-0.6244979542461286,-0.27082655403800815
-0.36728239045845656,-0.43962426777386426,-0.3029784995116813,-0.3029784995116813,-0.06987689482904993,-0.6244979542461286
-0.36728239045845656,-0.36728239045845656,-0.43962426777386426,-0.3029784995116813,-0.3029784995116813,-0.06987689482904993
-0.35924440409010966,-0.36728239045845656,-0.36728239045845656,-0.43962426777386426,-0.3029784995116813,-0.3029784995116813
0.042654914328092305,-0.35924440409010966,-0.36728239045845656,-0.36728239045845656,-0.43962426777386426,-0.3029784995116813
-0.6405739269828225,0.042654914328092305,-0.35924440409010966,-0.36728239045845656,-0.36728239045845656,-0.43962426777386426
-0.3833583631951504,-0.6405739269828225,0.042654914328092305,-0.35924440409010966,-0.36728239045845656,-0.36728239045845656
0.0908828325384593,-0.3833583631951504,-0.6405739269828225,0.042654914328092305,-0.35924440409010966,-0.36728239045845656
-0.37532037682680347,0.0908828325384593,-0.3833583631951504,-0.6405739269828225,0.042654914328092305,-0.35924440409010966
-0.37532037682680347,-0.37532037682680347,0.0908828325384593,-0.3833583631951504,-0.6405739269828225,0.042654914328092305
0.07480685980147993,-0.37532037682680347,-0.37532037682680347,0.0908828325384593,-0.3833583631951504,-0.6405739269828225
-0.06183890846070303,0.07480685980147993,-0.37532037682680347,-0.37532037682680347,0.0908828325384593,-0.3833583631951504
0.010502968854704685,-0.06183890846070303,0.07480685980147993,-0.37532037682680347,-0.37532037682680347,0.0908828325384593
-0.7772196952450054,0.010502968854704685,-0.06183890846070303,0.07480685980147993,-0.37532037682680347,-0.37532037682680347
-0.14221877214417208,-0.7772196952450054,0.010502968854704685,-0.06183890846070303,0.07480685980147993,-0.37532037682680347
-1.050511231769657,-0.14221877214417208,-0.7772196952450054,0.010502968854704685,-0.06183890846070303,0.07480685980147993
-1.050511231769657,-1.050511231769657,-0.14221877214417208,-0.7772196952450054,0.010502968854704685,-0.06183890846070303
-0.8977894907704946,-1.050511231769657,-1.050511231769657,-0.14221877214417208,-0.7772196952450054,0.010502968854704685
-0.198484676722886,-0.8977894907704946,-1.050511231769657,-1.050511231769657,-0.14221877214417208,-0.7772196952450054
-0.6486119133511694,-0.198484676722886,-0.8977894907704946,-1.050511231769657,-1.050511231769657,-0.14221877214417208
-0.6566498997198019,-0.6486119133511694,-0.198484676722886,-0.8977894907704946,-1.050511231769657,-1.050511231769657
-0.913865463507474,-0.6566498997198019,-0.6486119133511694,-0.198484676722886,-0.8977894907704946,-1.050511231769657
-0.8415235861920662,-0.913865463507474,-0.6566498997198019,-0.6486119133511694,-0.198484676722886,-0.8977894907704946
-0.8415235861920662,-0.8415235861920662,-0.913865463507474,-0.6566498997198019,-0.6486119133511694,-0.198484676722886
-1.4926004820295935,-0.8415235861920662,-0.8415235861920662,-0.913865463507474,-0.6566498997198019,-0.6486119133511694
-0.6164599678777818,-1.4926004820295935,-0.8415235861920662,-0.8415235861920662,-0.913865463507474,-0.6566498997198019
-0.28690252677470196,-0.6164599678777818,-1.4926004820295935,-0.8415235861920662,-0.8415235861920662,-0.913865463507474
-0.28690252677470196,-0.28690252677470196,-0.6164599678777818,-1.4926004820295935,-0.8415235861920662,-0.8415235861920662
-0.053800922092356124,-0.28690252677470196,-0.28690252677470196,-0.6164599678777818,-1.4926004820295935,-0.8415235861920662
-0.85759955892876,-0.053800922092356124,-0.28690252677470196,-0.28690252677470196,-0.6164599678777818,-1.4926004820295935
-0.85759955892876,-0.85759955892876,-0.053800922092356124,-0.28690252677470196,-0.28690252677470196,-0.6164599678777818
0.010502968854704685,-0.85759955892876,-0.85759955892876,-0.053800922092356124,-0.28690252677470196,-0.28690252677470196
0.9991752921636586,0.010502968854704685,-0.85759955892876,-0.85759955892876,-0.053800922092356124,-0.28690252677470196
0.010502968854704685,0.9991752921636586,0.010502968854704685,-0.85759955892876,-0.85759955892876,-0.053800922092356124
-0.27082655403800815,0.010502968854704685,0.9991752921636586,0.010502968854704685,-0.85759955892876,-0.85759955892876
-0.27886454040635505,-0.27082655403800815,0.010502968854704685,0.9991752921636586,0.010502968854704685,-0.85759955892876
-0.14221877214417208,-0.27886454040635505,-0.27082655403800815,0.010502968854704685,0.9991752921636586,0.010502968854704685
-0.14221877214417208,-0.14221877214417208,-0.27886454040635505,-0.27082655403800815,0.010502968854704685,0.9991752921636586
-0.5039281587206396,-0.14221877214417208,-0.14221877214417208,-0.27886454040635505,-0.27082655403800815,0.010502968854704685
0.40436430090455977,-0.5039281587206396,-0.14221877214417208,-0.14221877214417208,-0.27886454040635505,-0.27082655403800815
-0.03772494935537675,0.40436430090455977,-0.5039281587206396,-0.14221877214417208,-0.14221877214417208,-0.27886454040635505
0.20341464169560156,-0.03772494935537675,0.40436430090455977,-0.5039281587206396,-0.14221877214417208,-0.14221877214417208
-0.8093716407186786,0.20341464169560156,-0.03772494935537675,0.40436430090455977,-0.5039281587206396,-0.14221877214417208
-0.12614279940747827,-0.8093716407186786,0.20341464169560156,-0.03772494935537675,0.40436430090455977,-0.5039281587206396
-0.04576293572400922,-0.12614279940747827,-0.8093716407186786,0.20341464169560156,-0.03772494935537675,0.40436430090455977
-0.7691817088766586,-0.04576293572400922,-0.12614279940747827,-0.8093716407186786,0.20341464169560156,-0.03772494935537675
-0.7691817088766586,-0.7691817088766586,-0.04576293572400922,-0.12614279940747827,-0.8093716407186786,0.20341464169560156
0.5490480555350896,-0.7691817088766586,-0.7691817088766586,-0.04576293572400922,-0.12614279940747827,-0.8093716407186786
0.0024649824863577792,0.5490480555350896,-0.7691817088766586,-0.7691817088766586,-0.04576293572400922,-0.12614279940747827
0.19537665532696907,0.0024649824863577792,0.5490480555350896,-0.7691817088766586,-0.7691817088766586,-0.04576293572400922
0.13107276438019383,0.19537665532696907,0.0024649824863577792,0.5490480555350896,-0.7691817088766586,-0.7691817088766586
0.5008201373250082,0.13107276438019383,0.19537665532696907,0.0024649824863577792,0.5490480555350896,-0.7691817088766586
-0.7129158042982302,0.5008201373250082,0.13107276438019383,0.19537665532696907,0.0024649824863577792,0.5490480555350896
-0.7129158042982302,-0.7129158042982302,0.5008201373250082,0.13107276438019383,0.19537665532696907,0.0024649824863577792
0.14714873711688764,-0.7129158042982302,-0.7129158042982302,0.5008201373250082,0.13107276438019383,0.19537665532696907
-0.11006682667078446,0.14714873711688764,-0.7129158042982302,-0.7129158042982302,0.5008201373250082,0.13107276438019383
-0.2145606494595798,-0.11006682667078446,0.14714873711688764,-0.7129158042982302,-0.7129158042982302,0.5008201373250082
0.8625295239014756,-0.2145606494595798,-0.11006682667078446,0.14714873711688764,-0.7129158042982302,-0.7129158042982302
0.0908828325384593,0.8625295239014756,-0.2145606494595798,-0.11006682667078446,0.14714873711688764,-0.7129158042982302
0.12303477801184692,0.0908828325384593,0.8625295239014756,-0.2145606494595798,-0.11006682667078446,0.14714873711688764
0.12303477801184692,0.12303477801184692,0.0908828325384593,0.8625295239014756,-0.2145606494595798,-0.11006682667078446
0.21949061443229537,0.12303477801184692,0.12303477801184692,0.0908828325384593,0.8625295239014756,-0.2145606494595798
0.2837945053790706,0.21949061443229537,0.12303477801184692,0.12303477801184692,0.0908828325384593,0.8625295239014756
-0.905827477139127,0.2837945053790706,0.21949061443229537,0.12303477801184692,0.12303477801184692,0.0908828325384593
-0.3913963495634973,-0.905827477139127,0.2837945053790706,0.21949061443229537,0.12303477801184692,0.12303477801184692
-0.23063662219627362,-0.3913963495634973,-0.905827477139127,0.2837945053790706,0.21949061443229537,0.12303477801184692
-0.7691817088766586,-0.23063662219627362,-0.3913963495634973,-0.905827477139127,0.2837945053790706,0.21949061443229537
-0.8334855998237194,-0.7691817088766586,-0.23063662219627362,-0.3913963495634973,-0.905827477139127,0.2837945053790706
-0.2145606494595798,-0.8334855998237194,-0.7691817088766586,-0.23063662219627362,-0.3913963495634973,-0.905827477139127
-0.2145606494595798,-0.2145606494595798,-0.8334855998237194,-0.7691817088766586,-0.23063662219627362,-0.3913963495634973
-0.3029784995116813,-0.2145606494595798,-0.2145606494595798,-0.8334855998237194,-0.7691817088766586,-0.23063662219627362
-0.26278856766966124,-0.3029784995116813,-0.2145606494595798,-0.2145606494595798,-0.8334855998237194,-0.7691817088766586
-1.2193089455052275,-0.26278856766966124,-0.3029784995116813,-0.2145606494595798,-0.2145606494595798,-0.8334855998237194
-0.6727258724564957,-1.2193089455052275,-0.26278856766966124,-0.3029784995116813,-0.2145606494595798,-0.2145606494595798
-0.16633273124949838,-0.6727258724564957,-1.2193089455052275,-0.26278856766966124,-0.3029784995116813,-0.2145606494595798
-0.905827477139127,-0.16633273124949838,-0.6727258724564957,-1.2193089455052275,-0.26278856766966124,-0.3029784995116813
-0.905827477139127,-0.905827477139127,-0.16633273124949838,-0.6727258724564957,-1.2193089455052275,-0.26278856766966124
-0.13418078577582518,-0.905827477139127,-0.905827477139127,-0.16633273124949838,-0.6727258724564957,-1.2193089455052275
-0.7129158042982302,-0.13418078577582518,-0.905827477139127,-0.905827477139127,-0.16633273124949838,-0.6727258724564957
0.13911075074854073,-0.7129158042982302,-0.13418078577582518,-0.905827477139127,-0.905827477139127,-0.16633273124949838
-0.34316843135341585,0.13911075074854073,-0.7129158042982302,-0.13418078577582518,-0.905827477139127,-0.905827477139127
0.36417436906282524,-0.34316843135341585,0.13911075074854073,-0.7129158042982302,-0.13418078577582518,-0.905827477139127
-0.3833583631951504,0.36417436906282524,-0.34316843135341585,0.13911075074854073,-0.7129158042982302,-0.13418078577582518
-0.3833583631951504,-0.3833583631951504,0.36417436906282524,-0.34316843135341585,0.13911075074854073,-0.7129158042982302
-0.5843080224043942,-0.3833583631951504,-0.3833583631951504,0.36417436906282524,-0.34316843135341585,0.13911075074854073
-0.2949405131433344,-0.5843080224043942,-0.3833583631951504,-0.3833583631951504,0.36417436906282524,-0.34316843135341585
-0.5682320496677004,-0.2949405131433344,-0.5843080224043942,-0.3833583631951504,-0.3833583631951504,0.36417436906282524
-1.050511231769657,-0.5682320496677004,-0.2949405131433344,-0.5843080224043942,-0.3833583631951504,-0.3833583631951504
0.9991752921636586,-1.050511231769657,-0.5682320496677004,-0.2949405131433344,-0.5843080224043942,-0.3833583631951504
-0.23867460856462053,0.9991752921636586,-1.050511231769657,-0.5682320496677004,-0.2949405131433344,-0.5843080224043942
-0.23867460856462053,-0.23867460856462053,0.9991752921636586,-1.050511231769657,-0.5682320496677004,-0.2949405131433344
-0.600383995141088,-0.23867460856462053,-0.23867460856462053,0.9991752921636586,-1.050511231769657,-0.5682320496677004
-0.43158628140551736,-0.600383995141088,-0.23867460856462053,-0.23867460856462053,0.9991752921636586,-1.050511231769657
-0.5441180905626596,-0.43158628140551736,-0.600383995141088,-0.23867460856462053,-0.23867460856462053,0.9991752921636586
-0.9460174089808616,-0.5441180905626596,-0.43158628140551736,-0.600383995141088,-0.23867460856462053,-0.23867460856462053
-0.2145606494595798,-0.9460174089808616,-0.5441180905626596,-0.43158628140551736,-0.600383995141088,-0.23867460856462053
-0.6325359406144756,-0.2145606494595798,-0.9460174089808616,-0.5441180905626596,-0.43158628140551736,-0.600383995141088
-0.8334855998237194,-0.6325359406144756,-0.2145606494595798,-0.9460174089808616,-0.5441180905626596,-0.43158628140551736
-1.122853109084779,-0.8334855998237194,-0.6325359406144756,-0.2145606494595798,-0.9460174089808616,-0.5441180905626596
-1.122853109084779,-1.122853109084779,-0.8334855998237194,-0.6325359406144756,-0.2145606494595798,-0.9460174089808616
-0.07791488119739684,-1.122853109084779,-1.122853109084779,-0.8334855998237194,-0.6325359406144756,-0.2145606494595798
-0.36728239045845656,-0.07791488119739684,-1.122853109084779,-1.122853109084779,-0.8334855998237194,-0.6325359406144756
-0.4717762132472519,-0.36728239045845656,-0.07791488119739684,-1.122853109084779,-1.122853109084779,-0.8334855998237194
-0.7450677497716178,-0.4717762132472519,-0.36728239045845656,-0.07791488119739684,-1.122853109084779,-1.122853109084779
-0.600383995141088,-0.7450677497716178,-0.4717762132472519,-0.36728239045845656,-0.07791488119739684,-1.122853109084779
-0.12614279940747827,-0.600383995141088,-0.7450677497716178,-0.4717762132472519,-0.36728239045845656,-0.07791488119739684
-0.6727258724564957,-0.12614279940747827,-0.600383995141088,-0.7450677497716178,-0.4717762132472519,-0.36728239045845656
-0.6727258724564957,-0.6727258724564957,-0.12614279940747827,-0.600383995141088,-0.7450677497716178,-0.4717762132472519
-1.4282965910828183,-0.6727258724564957,-0.6727258724564957,-0.12614279940747827,-0.600383995141088,-0.7450677497716178
-0.9219034498758208,-1.4282965910828183,-0.6727258724564957,-0.6727258724564957,-0.12614279940747827,-0.600383995141088
-0.865637545297107,-0.9219034498758208,-1.4282965910828183,-0.6727258724564957,-0.6727258724564957,-0.12614279940747827
-0.43962426777386426,-0.865637545297107,-0.9219034498758208,-1.4282965910828183,-0.6727258724564957,-0.6727258724564957
-0.43962426777386426,-0.43962426777386426,-0.865637545297107,-0.9219034498758208,-1.4282965910828183,-0.6727258724564957
-0.5682320496677004,-0.43962426777386426,-0.43962426777386426,-0.865637545297107,-0.9219034498758208,-1.4282965910828183
-0.5682320496677004,-0.5682320496677004,-0.43962426777386426,-0.43962426777386426,-0.865637545297107,-0.9219034498758208
-0.37532037682680347,-0.5682320496677004,-0.5682320496677004,-0.43962426777386426,-0.43962426777386426,-0.865637545297107
-0.5521560769310065,-0.37532037682680347,-0.5682320496677004,-0.5682320496677004,-0.43962426777386426,-0.43962426777386426
-1.0424732454013101,-0.5521560769310065,-0.37532037682680347,-0.5682320496677004,-0.5682320496677004,-0.43962426777386426
-1.3800686728724512,-1.0424732454013101,-0.5521560769310065,-0.37532037682680347,-0.5682320496677004,-0.5682320496677004
-0.6164599678777818,-1.3800686728724512,-1.0424732454013101,-0.5521560769310065,-0.37532037682680347,-0.5682320496677004
-0.23063662219627362,-0.6164599678777818,-1.3800686728724512,-1.0424732454013101,-0.5521560769310065,-0.37532037682680347
-0.12614279940747827,-0.23063662219627362,-0.6164599678777818,-1.3800686728724512,-1.0424732454013101,-0.5521560769310065
-0.12614279940747827,-0.12614279940747827,-0.23063662219627362,-0.6164599678777818,-1.3800686728724512,-1.0424732454013101
-0.37532037682680347,-0.12614279940747827,-0.12614279940747827,-0.23063662219627362,-0.6164599678777818,-1.3800686728724512
-0.8415235861920662,-0.37532037682680347,-0.12614279940747827,-0.12614279940747827,-0.23063662219627362,-0.6164599678777818
-0.26278856766966124,-0.8415235861920662,-0.37532037682680347,-0.12614279940747827,-0.12614279940747827,-0.23063662219627362
-0.6325359406144756,-0.26278856766966124,-0.8415235861920662,-0.37532037682680347,-0.12614279940747827,-0.12614279940747827
-0.1824087039861922,-0.6325359406144756,-0.26278856766966124,-0.8415235861920662,-0.37532037682680347,-0.12614279940747827
-0.1582947448808659,-0.1824087039861922,-0.6325359406144756,-0.26278856766966124,-0.8415235861920662,-0.37532037682680347
-0.1824087039861922,-0.1582947448808659,-0.1824087039861922,-0.6325359406144756,-0.26278856766966124,-0.8415235861920662
-0.04576293572400922,-0.1824087039861922,-0.1582947448808659,-0.1824087039861922,-0.6325359406144756,-0.26278856766966124
-0.5039281587206396,-0.04576293572400922,-0.1824087039861922,-0.1582947448808659,-0.1824087039861922,-0.6325359406144756
-0.5039281587206396,-0.5039281587206396,-0.04576293572400922,-0.1824087039861922,-0.1582947448808659,-0.1824087039861922
0.26771853264237677,-0.5039281587206396,-0.5039281587206396,-0.04576293572400922,-0.1824087039861922,-0.1582947448808659
0.17126269622192836,0.26771853264237677,-0.5039281587206396,-0.5039281587206396,-0.04576293572400922,-0.1824087039861922
0.9830993194269648,0.17126269622192836,0.26771853264237677,-0.5039281587206396,-0.5039281587206396,-0.04576293572400922
0.23556658716898918,0.9830993194269648,0.17126269622192836,0.26771853264237677,-0.5039281587206396,-0.5039281587206396
0.0828448461701124,0.23556658716898918,0.9830993194269648,0.17126269622192836,0.26771853264237677,-0.5039281587206396
0.25164255990568296,0.0828448461701124,0.23556658716898918,0.9830993194269648,0.17126269622192836,0.26771853264237677
0.25164255990568296,0.25164255990568296,0.0828448461701124,0.23556658716898918,0.9830993194269648,0.17126269622192836
0.653541878323885,0.25164255990568296,0.25164255990568296,0.0828448461701124,0.23556658716898918,0.9830993194269648
1.2885428014247182,0.653541878323885,0.25164255990568296,0.25164255990568296,0.0828448461701124,0.23556658716898918
0.36417436906282524,1.2885428014247182,0.653541878323885,0.25164255990568296,0.25164255990568296,0.0828448461701124
0.4124022872729067,0.36417436906282524,1.2885428014247182,0.653541878323885,0.25164255990568296,0.25164255990568296
-0.005573003881989126,0.4124022872729067,0.36417436906282524,1.2885428014247182,0.653541878323885,0.25164255990568296
0.958985360321924,-0.005573003881989126,0.4124022872729067,0.36417436906282524,1.2885428014247182,0.653541878323885
0.782149660217721,0.958985360321924,-0.005573003881989126,0.4124022872729067,0.36417436906282524,1.2885428014247182
0.782149660217721,0.782149660217721,0.958985360321924,-0.005573003881989126,0.4124022872729067,0.36417436906282524
0.4284782600096005,0.782149660217721,0.782149660217721,0.958985360321924,-0.005573003881989126,0.4124022872729067
-0.150256758512519,0.4284782600096005,0.782149660217721,0.782149660217721,0.958985360321924,-0.005573003881989126
-0.08595286756574375,-0.150256758512519,0.4284782600096005,0.782149660217721,0.782149660217721,0.958985360321924
0.3079084644841113,-0.08595286756574375,-0.150256758512519,0.4284782600096005,0.782149660217721,0.782149660217721
0.01854095522305159,0.3079084644841113,-0.08595286756574375,-0.150256758512519,0.4284782600096005,0.782149660217721
0.516896110061702,0.01854095522305159,0.3079084644841113,-0.08595286756574375,-0.150256758512519,0.4284782600096005
-0.14221877214417208,0.516896110061702,0.01854095522305159,0.3079084644841113,-0.08595286756574375,-0.150256758512519
-0.14221877214417208,-0.14221877214417208,0.516896110061702,0.01854095522305159,0.3079084644841113,-0.08595286756574375
0.0908828325384593,-0.14221877214417208,-0.14221877214417208,0.516896110061702,0.01854095522305159,0.3079084644841113
-0.150256758512519,0.0908828325384593,-0.14221877214417208,-0.14221877214417208,0.516896110061702,0.01854095522305159
0.701769796534252,-0.150256758512519,0.0908828325384593,-0.14221877214417208,-0.14221877214417208,0.516896110061702
0.46063020548327366,0.701769796534252,-0.150256758512519,0.0908828325384593,-0.14221877214417208,-0.14221877214417208
0.39632631453621286,0.46063020548327366,0.701769796534252,-0.150256758512519,0.0908828325384593,-0.14221877214417208
0.7580357011126803,0.39632631453621286,0.46063020548327366,0.701769796534252,-0.150256758512519,0.0908828325384593
0.7580357011126803,0.7580357011126803,0.39632631453621286,0.46063020548327366,0.701769796534252,-0.150256758512519
-0.07791488119739684,0.7580357011126803,0.7580357011126803,0.39632631453621286,0.46063020548327366,0.701769796534252
0.058730887064786116,-0.07791488119739684,0.7580357011126803,0.7580357011126803,0.39632631453621286,0.46063020548327366
0.5008201373250082,0.058730887064786116,-0.07791488119739684,0.7580357011126803,0.7580357011126803,0.39632631453621286
0.18733866895862217,0.5008201373250082,0.058730887064786116,-0.07791488119739684,0.7580357011126803,0.7580357011126803
0.17126269622192836,0.18733866895862217,0.5008201373250082,0.058730887064786116,-0.07791488119739684,0.7580357011126803
0.6856938237972726,0.17126269622192836,0.18733866895862217,0.5008201373250082,0.058730887064786116,-0.07791488119739684
0.01854095522305159,0.6856938237972726,0.17126269622192836,0.18733866895862217,0.5008201373250082,0.058730887064786116
0.39632631453621286,0.01854095522305159,0.6856938237972726,0.17126269622192836,0.18733866895862217,0.5008201373250082
0.39632631453621286,0.39632631453621286,0.01854095522305159,0.6856938237972726,0.17126269622192836,0.18733866895862217
1.1358210604258416,0.39632631453621286,0.39632631453621286,0.01854095522305159,0.6856938237972726,0.17126269622192836
1.055441196742087,1.1358210604258416,0.39632631453621286,0.39632631453621286,0.01854095522305159,0.6856938237972726
0.058730887064786116,1.055441196742087,1.1358210604258416,0.39632631453621286,0.39632631453621286,0.01854095522305159
0.782149660217721,0.058730887064786116,1.055441196742087,1.1358210604258416,0.39632631453621286,0.39632631453621286
1.3528466923717792,0.782149660217721,0.058730887064786116,1.055441196742087,1.1358210604258416,0.39632631453621286
1.3769606514768198,1.3528466923717792,0.782149660217721,0.058730887064786116,1.055441196742087,1.1358210604258416
1.095631128584107,1.3769606514768198,1.3528466923717792,0.782149660217721,0.058730887064786116,1.055441196742087
1.3206947468983916,1.095631128584107,1.3769606514768198,1.3528466923717792,0.782149660217721,0.058730887064786116
2.019999560946,1.3206947468983916,1.095631128584107,1.3769606514768198,1.3528466923717792,0.782149660217721
2.019999560946,2.019999560946,1.3206947468983916,1.095631128584107,1.3769606514768198,1.3528466923717792
1.3287327332667385,2.019999560946,2.019999560946,1.3206947468983916,1.095631128584107,1.3769606514768198
1.4010746105818606,1.3287327332667385,2.019999560946,2.019999560946,1.3206947468983916,1.095631128584107
1.2081629377412493,1.4010746105818606,1.3287327332667385,2.019999560946,2.019999560946,1.3206947468983916
0.8625295239014756,1.2081629377412493,1.4010746105818606,1.3287327332667385,2.019999560946,2.019999560946
1.8351258744737358,0.8625295239014756,1.2081629377412493,1.4010746105818606,1.3287327332667385,2.019999560946
1.9717716427359187,1.8351258744737358,0.8625295239014756,1.2081629377412493,1.4010746105818606,1.3287327332667385
1.1117071013208009,1.9717716427359187,1.8351258744737358,0.8625295239014756,1.2081629377412493,1.4010746105818606
1.1117071013208009,1.1117071013208009,1.9717716427359187,1.8351258744737358,0.8625295239014756,1.2081629377412493
1.4091125969502074,1.1117071013208009,1.1117071013208009,1.9717716427359187,1.8351258744737358,0.8625295239014756
0.7982256329544148,1.4091125969502074,1.1117071013208009,1.1117071013208009,1.9717716427359187,1.8351258744737358
0.8464535511647818,0.7982256329544148,1.4091125969502074,1.1117071013208009,1.1117071013208009,1.9717716427359187
1.2885428014247182,0.8464535511647818,0.7982256329544148,1.4091125969502074,1.1117071013208009,1.1117071013208009
0.21949061443229537,1.2885428014247182,0.8464535511647818,0.7982256329544148,1.4091125969502074,1.1117071013208009
0.701769796534252,0.21949061443229537,1.2885428014247182,0.8464535511647818,0.7982256329544148,1.4091125969502074
0.701769796534252,0.701769796534252,0.21949061443229537,1.2885428014247182,0.8464535511647818,0.7982256329544148
1.827087888105389,0.701769796534252,0.701769796534252,0.21949061443229537,1.2885428014247182,0.8464535511647818
0.5651240282717834,1.827087888105389,0.701769796534252,0.701769796534252,0.21949061443229537,1.2885428014247182
0.8544915375331287,0.5651240282717834,1.827087888105389,0.701769796534252,0.701769796534252,0.21949061443229537
0.7419597283759864,0.8544915375331287,0.5651240282717834,1.827087888105389,0.701769796534252,0.701769796534252
1.1438590467941885,0.7419597283759864,0.8544915375331287,0.5651240282717834,1.827087888105389,0.701769796534252
0.47670617821996747,1.1438590467941885,0.7419597283759864,0.8544915375331287,0.5651240282717834,1.827087888105389
1.7065180925798997,0.47670617821996747,1.1438590467941885,0.7419597283759864,0.8544915375331287,0.5651240282717834
1.7065180925798997,1.7065180925798997,0.47670617821996747,1.1438590467941885,0.7419597283759864,0.8544915375331287
1.224238910477943,1.7065180925798997,1.7065180925798997,0.47670617821996747,1.1438590467941885,0.7419597283759864
1.827087888105389,1.224238910477943,1.7065180925798997,1.7065180925798997,0.47670617821996747,1.1438590467941885
1.0232892512686993,1.827087888105389,1.224238910477943,1.7065180925798997,1.7065180925798997,0.47670617821996747
0.8786054966381694,1.0232892512686993,1.827087888105389,1.224238910477943,1.7065180925798997,1.7065180925798997
1.5457583652123905,0.8786054966381694,1.0232892512686993,1.827087888105389,1.224238910477943,1.7065180925798997
0.9830993194269648,1.5457583652123905,0.8786054966381694,1.0232892512686993,1.827087888105389,1.224238910477943
0.9830993194269648,0.9830993194269648,1.5457583652123905,0.8786054966381694,1.0232892512686993,1.827087888105389
1.1599350195308822,0.9830993194269648,0.9830993194269648,1.5457583652123905,0.8786054966381694,1.0232892512686993
1.9717716427359187,1.1599350195308822,0.9830993194269648,0.9830993194269648,1.5457583652123905,0.8786054966381694
1.8672778199471234,1.9717716427359187,1.1599350195308822,0.9830993194269648,0.9830993194269648,1.5457583652123905
0.6696178510605788,1.8672778199471234,1.9717716427359187,1.1599350195308822,0.9830993194269648,0.9830993194269648
1.5779103106860637,0.6696178510605788,1.8672778199471234,1.9717716427359187,1.1599350195308822,0.9830993194269648
1.939619697262531,1.5779103106860637,0.6696178510605788,1.8672778199471234,1.9717716427359187,1.1599350195308822
1.4653785015289214,1.939619697262531,1.5779103106860637,0.6696178510605788,1.8672778199471234,1.9717716427359187
0.9991752921636586,1.4653785015289214,1.939619697262531,1.5779103106860637,0.6696178510605788,1.8672778199471234
0.9991752921636586,0.9991752921636586,1.4653785015289214,1.939619697262531,1.5779103106860637,0.6696178510605788
1.682404133474859,0.9991752921636586,0.9991752921636586,1.4653785015289214,1.939619697262531,1.5779103106860637
1.682404133474859,1.682404133474859,0.9991752921636586,0.9991752921636586,1.4653785015289214,1.939619697262531
0.9509473739535772,1.682404133474859,1.682404133474859,0.9991752921636586,0.9991752921636586,1.4653785015289214
1.4814544742656153,0.9509473739535772,1.682404133474859,1.682404133474859,0.9991752921636586,0.9991752921636586
0.6696178510605788,1.4814544742656153,0.9509473739535772,1.682404133474859,1.682404133474859,0.9991752921636586
0.6696178510605788,0.6696178510605788,1.4814544742656153,0.9509473739535772,1.682404133474859,1.682404133474859
0.38828832816786596,0.6696178510605788,0.6696178510605788,1.4814544742656153,0.9509473739535772,1.682404133474859
0.38828832816786596,0.38828832816786596,0.6696178510605788,0.6696178510605788,1.4814544742656153,0.9509473739535772
0.38828832816786596,0.38828832816786596,0.38828832816786596,0.6696178510605788,0.6696178510605788,1.4814544742656153
0.38828832816786596,0.38828832816786596,0.38828832816786596,0.38828832816786596,0.6696178510605788,0.6696178510605788
0.967023346690271,0.38828832816786596,0.38828832816786596,0.38828832816786596,0.38828832816786596,0.6696178510605788
0.3400604099577845,0.967023346690271,0.38828832816786596,0.38828832816786596,0.38828832816786596,0.38828832816786596
0.6374659055871912,0.3400604099577845,0.967023346690271,0.38828832816786596,0.38828832816786596,0.38828832816786596
0.7098077829025988,0.6374659055871912,0.3400604099577845,0.967023346690271,0.38828832816786596,0.38828832816786596
0.5008201373250082,0.7098077829025988,0.6374659055871912,0.3400604099577845,0.967023346690271,0.38828832816786596
0.8946814693748633,0.5008201373250082,0.7098077829025988,0.6374659055871912,0.3400604099577845,0.967023346690271
1.2162009241095961,0.8946814693748633,0.5008201373250082,0.7098077829025988,0.6374659055871912,0.3400604099577845
0.958985360321924,1.2162009241095961,0.8946814693748633,0.5008201373250082,0.7098077829025988,0.6374659055871912
1.6582901743695326,0.958985360321924,1.2162009241095961,0.8946814693748633,0.5008201373250082,0.7098077829025988
1.6582901743695326,1.6582901743695326,0.958985360321924,1.2162009241095961,0.8946814693748633,0.5008201373250082
0.9830993194269648,1.6582901743695326,1.6582901743695326,0.958985360321924,1.2162009241095961,0.8946814693748633
0.8946814693748633,0.9830993194269648,1.6582901743695326,1.6582901743695326,0.958985360321924,1.2162009241095961
1.8592398335787765,0.8946814693748633,0.9830993194269648,1.6582901743695326,1.6582901743695326,0.958985360321924
0.5812000010087628,1.8592398335787765,0.8946814693748633,0.9830993194269648,1.6582901743695326,1.6582901743695326
1.4171505833185545,0.5812000010087628,1.8592398335787765,0.8946814693748633,0.9830993194269648,1.6582901743695326
1.4814544742656153,1.4171505833185545,0.5812000010087628,1.8592398335787765,0.8946814693748633,0.9830993194269648
1.4814544742656153,1.4814544742656153,1.4171505833185545,0.5812000010087628,1.8592398335787765,0.8946814693748633
0.8625295239014756,1.4814544742656153,1.4814544742656153,1.4171505833185545,0.5812000010087628,1.8592398335787765
0.5088581236933551,0.8625295239014756,1.4814544742656153,1.4814544742656153,1.4171505833185545,0.5812000010087628
1.5216444061073497,0.5088581236933551,0.8625295239014756,1.4814544742656153,1.4814544742656153,1.4171505833185545
1.5859482970544105,1.5216444061073497,0.5088581236933551,0.8625295239014756,1.4814544742656153,1.4814544742656153
2.1164553973664484,1.5859482970544105,1.5216444061073497,0.5088581236933551,0.8625295239014756,1.4814544742656153
1.1277830740574946,2.1164553973664484,1.5859482970544105,1.5216444061073497,0.5088581236933551,0.8625295239014756
2.0039235882093065,1.1277830740574946,2.1164553973664484,1.5859482970544105,1.5216444061073497,0.5088581236933551
2.0039235882093065,2.0039235882093065,1.1277830740574946,2.1164553973664484,1.5859482970544105,1.5216444061073497
1.4332265560555337,2.0039235882093065,2.0039235882093065,1.1277830740574946,2.1164553973664484,1.5859482970544105
1.955695669999225,1.4332265560555337,2.0039235882093065,2.0039235882093065,1.1277830740574946,2.1164553973664484
1.626138228896145,1.955695669999225,1.4332265560555337,2.0039235882093065,2.0039235882093065,1.1277830740574946
1.7949359426317157,1.626138228896145,1.955695669999225,1.4332265560555337,2.0039235882093065,2.0039235882093065
1.6582901743695326,1.7949359426317157,1.626138228896145,1.955695669999225,1.4332265560555337,2.0039235882093065
1.827087888105389,1.6582901743695326,1.7949359426317157,1.626138228896145,1.955695669999225,1.4332265560555337
2.3897469338908146,1.827087888105389,1.6582901743695326,1.7949359426317157,1.626138228896145,1.955695669999225
2.3897469338908146,2.3897469338908146,1.827087888105389,1.6582901743695326,1.7949359426317157,1.626138228896145
2.1003794246297547,2.3897469338908146,2.3897469338908146,1.827087888105389,1.6582901743695326,1.7949359426317157
2.3174050565756925,2.1003794246297547,2.3897469338908146,2.3897469338908146,1.827087888105389,1.6582901743695326
2.6951904158888538,2.3174050565756925,2.1003794246297547,2.3897469338908146,2.3897469338908146,1.827087888105389
2.084303451893061,2.6951904158888538,2.3174050565756925,2.1003794246297547,2.3897469338908146,2.3897469338908146
1.827087888105389,2.084303451893061,2.6951904158888538,2.3174050565756925,2.1003794246297547,2.3897469338908146
1.7225940653165934,1.827087888105389,2.084303451893061,2.6951904158888538,2.3174050565756925,2.1003794246297547
1.7225940653165934,1.7225940653165934,1.827087888105389,2.084303451893061,2.6951904158888538,2.3174050565756925
1.754746010789981,1.7225940653165934,1.7225940653165934,1.827087888105389,2.084303451893061,2.6951904158888538
1.368922665108473,1.754746010789981,1.7225940653165934,1.7225940653165934,1.827087888105389,2.084303451893061
1.5216444061073497,1.368922665108473,1.754746010789981,1.7225940653165934,1.7225940653165934,1.827087888105389
1.2805048150563714,1.5216444061073497,1.368922665108473,1.754746010789981,1.7225940653165934,1.7225940653165934
2.3013290838389984,1.2805048150563714,1.5216444061073497,1.368922665108473,1.754746010789981,1.7225940653165934
1.9155057381572047,2.3013290838389984,1.2805048150563714,1.5216444061073497,1.368922665108473,1.754746010789981
1.3126567605300445,1.9155057381572047,2.3013290838389984,1.2805048150563714,1.5216444061073497,1.368922665108473
1.3126567605300445,1.3126567605300445,1.9155057381572047,2.3013290838389984,1.2805048150563714,1.5216444061073497
1.9074677517888579,1.3126567605300445,1.3126567605300445,1.9155057381572047,2.3013290838389984,1.2805048150563714
1.9476576836308779,1.9074677517888579,1.3126567605300445,1.3126567605300445,1.9155057381572047,2.3013290838389984
1.4734164878972682,1.9476576836308779,1.9074677517888579,1.3126567605300445,1.3126567605300445,1.9155057381572047
0.9991752921636586,1.4734164878972682,1.9476576836308779,1.9074677517888579,1.3126567605300445,1.3126567605300445
0.8384155647964349,0.9991752921636586,1.4734164878972682,1.9476576836308779,1.9074677517888579,1.3126567605300445
0.9348714012165977,0.8384155647964349,0.9991752921636586,1.4734164878972682,1.9476576836308779,1.9074677517888579
1.3287327332667385,0.9348714012165977,0.8384155647964349,0.9991752921636586,1.4734164878972682,1.9476576836308779
1.0232892512686993,1.3287327332667385,0.9348714012165977,0.8384155647964349,0.9991752921636586,1.4734164878972682
1.0232892512686993,1.0232892512686993,1.3287327332667385,0.9348714012165977,0.8384155647964349,0.9991752921636586
1.08759314221576,1.0232892512686993,1.0232892512686993,1.3287327332667385,0.9348714012165977,0.8384155647964349
1.5296823924756966,1.08759314221576,1.0232892512686993,1.0232892512686993,1.3287327332667385,0.9348714012165977
0.5972759737454566,1.5296823924756966,1.08759314221576,1.0232892512686993,1.0232892512686993,1.3287327332667385
0.830377578428088,0.5972759737454566,1.5296823924756966,1.08759314221576,1.0232892512686993,1.0232892512686993
0.7901876465860679,0.830377578428088,0.5972759737454566,1.5296823924756966,1.08759314221576,1.0232892512686993
0.6053139601138036,0.7901876465860679,0.830377578428088,0.5972759737454566,1.5296823924756966,1.08759314221576
1.240314883214637,0.6053139601138036,0.7901876465860679,0.830377578428088,0.5972759737454566,1.5296823924756966
1.3448087060034322,1.240314883214637,0.6053139601138036,0.7901876465860679,0.830377578428088,0.5972759737454566
1.1117071013208009,1.3448087060034322,1.240314883214637,0.6053139601138036,0.7901876465860679,0.830377578428088
1.1117071013208009,1.1117071013208009,1.3448087060034322,1.240314883214637,0.6053139601138036,0.7901876465860679
1.3367707196350853,1.1117071013208009,1.1117071013208009,1.3448087060034322,1.240314883214637,0.6053139601138036
0.3320224235894376,1.3367707196350853,1.1117071013208009,1.1117071013208009,1.3448087060034322,1.240314883214637
1.0232892512686993,0.3320224235894376,1.3367707196350853,1.1117071013208009,1.1117071013208009,1.3448087060034322
0.9429093875852302,1.0232892512686993,0.3320224235894376,1.3367707196350853,1.1117071013208009,1.1117071013208009
0.5490480555350896,0.9429093875852302,1.0232892512686993,0.3320224235894376,1.3367707196350853,1.1117071013208009
0.5008201373250082,0.5490480555350896,0.9429093875852302,1.0232892512686993,0.3320224235894376,1.3367707196350853
0.5008201373250082,0.5008201373250082,0.5490480555350896,0.9429093875852302,1.0232892512686993,0.3320224235894376
1.4091125969502074,0.5008201373250082,0.5008201373250082,0.5490480555350896,0.9429093875852302,1.0232892512686993
0.958985360321924,1.4091125969502074,0.5008201373250082,0.5008201373250082,0.5490480555350896,0.9429093875852302
0.4365162463779474,0.958985360321924,1.4091125969502074,0.5008201373250082,0.5008201373250082,0.5490480555350896
0.18733866895862217,0.4365162463779474,0.958985360321924,1.4091125969502074,0.5008201373250082,0.5008201373250082
1.3126567605300445,0.18733866895862217,0.4365162463779474,0.958985360321924,1.4091125969502074,0.5008201373250082
0.524934096430049,1.3126567605300445,0.18733866895862217,0.4365162463779474,0.958985360321924,1.4091125969502074
1.08759314221576,0.524934096430049,1.3126567605300445,0.18733866895862217,0.4365162463779474,0.958985360321924
1.08759314221576,1.08759314221576,0.524934096430049,1.3126567605300445,0.18733866895862217,0.4365162463779474
0.35613638269447834,1.08759314221576,1.08759314221576,0.524934096430049,1.3126567605300445,0.18733866895862217
0.7419597283759864,0.35613638269447834,1.08759314221576,1.08759314221576,0.524934096430049,1.3126567605300445
1.4493025287922277,0.7419597283759864,0.35613638269447834,1.08759314221576,1.08759314221576,0.524934096430049
0.34809839632613143,1.4493025287922277,0.7419597283759864,0.35613638269447834,1.08759314221576,1.08759314221576
0.0828448461701124,0.34809839632613143,1.4493025287922277,0.7419597283759864,0.35613638269447834,1.08759314221576
0.7660736874810272,0.0828448461701124,0.34809839632613143,1.4493025287922277,0.7419597283759864,0.35613638269447834
0.7660736874810272,0.7660736874810272,0.0828448461701124,0.34809839632613143,1.4493025287922277,0.7419597283759864
0.958985360321924,0.7660736874810272,0.7660736874810272,0.0828448461701124,0.34809839632613143,1.4493025287922277
0.17126269622192836,0.958985360321924,0.7660736874810272,0.7660736874810272,0.0828448461701124,0.34809839632613143
0.701769796534252,0.17126269622192836,0.958985360321924,0.7660736874810272,0.7660736874810272,0.0828448461701124
1.3930366242135137,0.701769796534252,0.17126269622192836,0.958985360321924,0.7660736874810272,0.7660736874810272
0.9429093875852302,1.3930366242135137,0.701769796534252,0.17126269622192836,0.958985360321924,0.7660736874810272
1.055441196742087,0.9429093875852302,1.3930366242135137,0.701769796534252,0.17126269622192836,0.958985360321924
1.095631128584107,1.055441196742087,0.9429093875852302,1.3930366242135137,0.701769796534252,0.17126269622192836
1.095631128584107,1.095631128584107,1.055441196742087,0.9429093875852302,1.3930366242135137,0.701769796534252
0.5731620146404159,1.095631128584107,1.095631128584107,1.055441196742087,0.9429093875852302,1.3930366242135137
0.7982256329544148,0.5731620146404159,1.095631128584107,1.095631128584107,1.055441196742087,0.9429093875852302
1.6341762152644919,0.7982256329544148,0.5731620146404159,1.095631128584107,1.095631128584107,1.055441196742087
1.1518970331625353,1.6341762152644919,0.7982256329544148,0.5731620146404159,1.095631128584107,1.095631128584107
2.1003794246297547,1.1518970331625353,1.6341762152644919,0.7982256329544148,0.5731620146404159,1.095631128584107
0.9187954284799039,2.1003794246297547,1.1518970331625353,1.6341762152644919,0.7982256329544148,0.5731620146404159
0.9268334148482509,0.9187954284799039,2.1003794246297547,1.1518970331625353,1.6341762152644919,0.7982256329544148
0.9268334148482509,0.9268334148482509,0.9187954284799039,2.1003794246297547,1.1518970331625353,1.6341762152644919
0.9187954284799039,0.9268334148482509,0.9268334148482509,0.9187954284799039,2.1003794246297547,1.1518970331625353
1.368922665108473,0.9187954284799039,0.9268334148482509,0.9268334148482509,0.9187954284799039,2.1003794246297547
0.9991752921636586,1.368922665108473,0.9187954284799039,0.9268334148482509,0.9268334148482509,0.9187954284799039
0.9750613330586179,0.9991752921636586,1.368922665108473,0.9187954284799039,0.9268334148482509,0.9268334148482509
1.1358210604258416,0.9750613330586179,0.9991752921636586,1.368922665108473,0.9187954284799039,0.9268334148482509
1.5779103106860637,1.1358210604258416,0.9750613330586179,0.9991752921636586,1.368922665108473,0.9187954284799039
1.5779103106860637,1.5779103106860637,1.1358210604258416,0.9750613330586179,0.9991752921636586,1.368922665108473
1.0232892512686993,1.5779103106860637,1.5779103106860637,1.1358210604258416,0.9750613330586179,0.9991752921636586
1.0232892512686993,1.0232892512686993,1.5779103106860637,1.5779103106860637,1.1358210604258416,0.9750613330586179
1.5377203788440434,1.0232892512686993,1.0232892512686993,1.5779103106860637,1.5779103106860637,1.1358210604258416
0.653541878323885,1.5377203788440434,1.0232892512686993,1.0232892512686993,1.5779103106860637,1.5779103106860637
1.4894924606339621,0.653541878323885,1.5377203788440434,1.0232892512686993,1.0232892512686993,1.5779103106860637
0.7339217420076396,1.4894924606339621,0.653541878323885,1.5377203788440434,1.0232892512686993,1.0232892512686993
0.3400604099577845,0.7339217420076396,1.4894924606339621,0.653541878323885,1.5377203788440434,1.0232892512686993
0.8786054966381694,0.3400604099577845,0.7339217420076396,1.4894924606339621,0.653541878323885,1.5377203788440434
0.701769796534252,0.8786054966381694,0.3400604099577845,0.7339217420076396,1.4894924606339621,0.653541878323885
0.701769796534252,0.701769796534252,0.8786054966381694,0.3400604099577845,0.7339217420076396,1.4894924606339621
0.9509473739535772,0.701769796534252,0.701769796534252,0.8786054966381694,0.3400604099577845,0.7339217420076396
0.4847441645883144,0.9509473739535772,0.701769796534252,0.701769796534252,0.8786054966381694,0.3400604099577845
0.5570860419034366,0.4847441645883144,0.9509473739535772,0.701769796534252,0.701769796534252,0.8786054966381694
1.2483528695829837,0.5570860419034366,0.4847441645883144,0.9509473739535772,0.701769796534252,0.701769796534252
1.224238910477943,1.2483528695829837,0.5570860419034366,0.4847441645883144,0.9509473739535772,0.701769796534252
1.4332265560555337,1.224238910477943,1.2483528695829837,0.5570860419034366,0.4847441645883144,0.9509473739535772
1.6984801062115529,1.4332265560555337,1.224238910477943,1.2483528695829837,0.5570860419034366,0.4847441645883144
1.9878476154726126,1.6984801062115529,1.4332265560555337,1.224238910477943,1.2483528695829837,0.5570860419034366
1.7145560789482466,1.9878476154726126,1.6984801062115529,1.4332265560555337,1.224238910477943,1.2483528695829837
1.7145560789482466,1.7145560789482466,1.9878476154726126,1.6984801062115529,1.4332265560555337,1.224238910477943
1.6502521880011858,1.7145560789482466,1.7145560789482466,1.9878476154726126,1.6984801062115529,1.4332265560555337
1.1840489786362085,1.6502521880011858,1.7145560789482466,1.7145560789482466,1.9878476154726126,1.6984801062115529
1.6502521880011858,1.1840489786362085,1.6502521880011858,1.7145560789482466,1.7145560789482466,1.9878476154726126
1.2644288423196777,1.6502521880011858,1.1840489786362085,1.6502521880011858,1.7145560789482466,1.7145560789482466
1.176010992267576,1.2644288423196777,1.6502521880011858,1.1840489786362085,1.6502521880011858,1.7145560789482466
1.4493025287922277,1.176010992267576,1.2644288423196777,1.6502521880011858,1.1840489786362085,1.6502521880011858
1.4493025287922277,1.4493025287922277,1.176010992267576,1.2644288423196777,1.6502521880011858,1.1840489786362085
0.967023346690271,1.4493025287922277,1.4493025287922277,1.176010992267576,1.2644288423196777,1.6502521880011858
1.1197450876891477,0.967023346690271,1.4493025287922277,1.4493025287922277,1.176010992267576,1.2644288423196777
1.955695669999225,1.1197450876891477,0.967023346690271,1.4493025287922277,1.4493025287922277,1.176010992267576
1.7065180925798997,1.955695669999225,1.1197450876891477,0.967023346690271,1.4493025287922277,1.4493025287922277
1.497530447002309,1.7065180925798997,1.955695669999225,1.1197450876891477,0.967023346690271,1.4493025287922277
1.8592398335787765,1.497530447002309,1.7065180925798997,1.955695669999225,1.1197450876891477,0.967023346690271
1.8592398335787765,1.8592398335787765,1.497530447002309,1.7065180925798997,1.955695669999225,1.1197450876891477
0.7982256329544148,1.8592398335787765,1.8592398335787765,1.497530447002309,1.7065180925798997,1.955695669999225
1.2885428014247182,0.7982256329544148,1.8592398335787765,1.8592398335787765,1.497530447002309,1.7065180925798997
0.6776558374289257,1.2885428014247182,0.7982256329544148,1.8592398335787765,1.8592398335787765,1.497530447002309
1.7467080244216342,0.6776558374289257,1.2885428014247182,0.7982256329544148,1.8592398335787765,1.8592398335787765
1.674366147106512,1.7467080244216342,0.6776558374289257,1.2885428014247182,0.7982256329544148,1.8592398335787765
1.2885428014247182,1.674366147106512,1.7467080244216342,0.6776558374289257,1.2885428014247182,0.7982256329544148
1.8351258744737358,1.2885428014247182,1.674366147106512,1.7467080244216342,0.6776558374289257,1.2885428014247182
1.8351258744737358,1.8351258744737358,1.2885428014247182,1.674366147106512,1.7467080244216342,0.6776558374289257
2.2932910974706515,1.8351258744737358,1.8351258744737358,1.2885428014247182,1.674366147106512,1.7467080244216342
2.1325313701031425,2.2932910974706515,1.8351258744737358,1.8351258744737358,1.2885428014247182,1.674366147106512
1.9476576836308779,2.1325313701031425,2.2932910974706515,1.8351258744737358,1.8351258744737358,1.2885428014247182
2.5906965931000583,1.9476576836308779,2.1325313701031425,2.2932910974706515,1.8351258744737358,1.8351258744737358
